
%% smooth solution with mutiprecision


mp.Digits

ans =

    34

test_HDG
--------------------
Solve PDE problem.
HDG method
k = 1, tau = h^0 

HDG Error
N    | E_u       Order  | E_q       Order  | E_uhat    Order |
10   | 1.07e-02  0.00   | 8.93e-03  0.00   | 7.47e-17  0.00  |
20   | 2.70e-03  1.99   | 2.22e-03  2.01   | 1.03e-19  9.50  |
40   | 6.77e-04  2.00   | 5.54e-04  2.00   | 1.42e-22  9.50  |
80   | 1.70e-04  2.00   | 1.38e-04  2.00   | 1.96e-25  9.50  |
160  | 4.24e-05  2.00   | 3.45e-05  2.00   | 2.71e-28  9.50  |
320  | 1.06e-05  2.00   | 8.63e-06  2.00   | 6.16e-30  5.46  |
640  | 2.65e-06  2.00   | 2.16e-06  2.00   | 2.92e-29  -2.24 |
1280 | 6.63e-07  2.00   | 5.39e-07  2.00   | 1.81e-28  -2.63 |

Convolution Filtering Error
N    | E_u       Order  | E_q       Order  | E_uhat    Order |
10   | 7.53e-04  0.00   | 5.96e-04  0.00   | 2.43e-03  0.00  |
20   | 1.01e-04  2.90   | 5.64e-05  3.40   | 4.55e-04  2.42  |
40   | 1.30e-05  2.95   | 5.91e-06  3.26   | 8.27e-05  2.46  |
80   | 1.65e-06  2.98   | 6.67e-07  3.15   | 1.48e-05  2.48  |
160  | 2.08e-07  2.99   | 7.89e-08  3.08   | 2.64e-06  2.49  |
320  | 2.61e-08  2.99   | 9.57e-09  3.04   | 4.68e-07  2.50  |
640  | 3.27e-09  3.00   | 1.18e-09  3.02   | 8.28e-08  2.50  |
1280 | 4.10e-10  3.00   | 1.46e-10  3.01   | 1.47e-08  2.50  |




test_HDG
--------------------
Solve PDE problem.
HDG method
k = 2, tau = h^0 

HDG Error
N    | E_u       Order  | E_q       Order  | E_uhat    Order |
10   | 2.64e-04  0.00   | 2.33e-04  0.00   | 7.47e-17  0.00  |
20   | 3.31e-05  2.99   | 2.91e-05  3.00   | 1.03e-19  9.50  |
40   | 4.15e-06  3.00   | 3.63e-06  3.00   | 1.42e-22  9.50  |
80   | 5.19e-07  3.00   | 4.53e-07  3.00   | 1.96e-25  9.50  |
160  | 6.49e-08  3.00   | 5.66e-08  3.00   | 2.71e-28  9.50  |
320  | 8.11e-09  3.00   | 7.08e-09  3.00   | 6.16e-30  5.46  |
640  | 1.01e-09  3.00   | 8.84e-10  3.00   | 2.92e-29  -2.24 |
1280 | 1.27e-10  3.00   | 1.11e-10  3.00   | 2.13e-28  -2.87 |

Convolution Filtering Error
N    | E_u       Order  | E_q       Order  | E_uhat    Order |
10   | 1.40e-06  0.00   | 7.33e-06  0.00   | 4.47e-06  0.00  |
20   | 9.10e-09  7.27   | 1.21e-07  5.92   | 4.14e-08  6.75  |
40   | 2.71e-10  5.07   | 2.04e-09  5.89   | 1.70e-09  4.61  |
80   | 1.72e-11  3.98   | 3.65e-11  5.81   | 1.53e-10  3.47  |
160  | 6.73e-13  4.67   | 7.14e-13  5.68   | 8.50e-12  4.17  |
320  | 2.32e-14  4.86   | 1.56e-14  5.51   | 4.14e-13  4.36  |
640  | 7.57e-16  4.94   | 3.84e-16  5.35   | 1.91e-14  4.43  |
1280 | 2.42e-17  4.97   | 1.04e-17  5.21   | 8.65e-16  4.47  |


test_HDG
--------------------
Solve PDE problem.
HDG method
k = 3, tau = h^0 

HDG Error
N    | E_u       Order  | E_q       Order  | E_uhat    Order |
10   | 5.02e-06  0.00   | 4.59e-06  0.00   | 7.47e-17  0.00  |
20   | 3.15e-07  3.99   | 2.86e-07  4.00   | 1.03e-19  9.50  |
40   | 1.97e-08  4.00   | 1.79e-08  4.00   | 1.42e-22  9.50  |
80   | 1.23e-09  4.00   | 1.12e-09  4.00   | 1.96e-25  9.50  |
160  | 7.71e-11  4.00   | 6.97e-11  4.00   | 2.71e-28  9.50  |
320  | 4.82e-12  4.00   | 4.35e-12  4.00   | 4.63e-30  5.87  |
640  | 3.01e-13  4.00   | 2.72e-13  4.00   | 2.92e-29  -2.66 |
1280 | 1.88e-14  4.00   | 1.70e-14  4.00   | 1.92e-28  -2.71 |

Convolution Filtering Error
N    | E_u       Order  | E_q       Order  | E_uhat    Order |
10   | 6.84e-08  0.00   | 2.16e-07  0.00   | 2.16e-07  0.00  |
20   | 2.71e-10  7.98   | 8.64e-10  7.97   | 1.21e-09  7.48  |
40   | 1.05e-12  8.01   | 3.40e-12  7.99   | 6.66e-12  7.51  |
80   | 4.02e-15  8.03   | 1.33e-14  7.99   | 3.59e-14  7.53  |
160  | 1.49e-17  8.07   | 5.24e-17  7.99   | 1.89e-16  7.57  |
320  | 5.20e-20  8.16   | 2.07e-19  7.98   | 9.30e-19  7.66  |
640  | 1.55e-22  8.39   | 8.25e-22  7.97   | 3.91e-21  7.89  |
1280 | 2.24e-25  9.43   | 3.36e-24  7.94   | 8.03e-24  8.93  |








test_HDG
--------------------
Solve PDE problem.
HDG method
k = 4, tau = h^0 

HDG Error
N    | E_u       Order  | E_q       Order  | E_uhat    Order |
10   | 7.76e-08  0.00   | 7.21e-08  0.00   | 4.29e-21  0.00  |
20   | 2.43e-09  5.00   | 2.25e-09  5.00   | 1.48e-24  11.50 |
40   | 7.61e-11  5.00   | 7.02e-11  5.00   | 5.10e-28  11.50 |
80   | 2.38e-12  5.00   | 2.19e-12  5.00   | 6.08e-31  9.71  |
160  | 7.43e-14  5.00   | 6.85e-14  5.00   | 1.54e-30  -1.34 |
320  | 2.32e-15  5.00   | 2.14e-15  5.00   | 6.53e-30  -2.08 |
640  | 7.26e-17  5.00   | 6.69e-17  5.00   | 6.43e-29  -3.30 |
1280 | 2.27e-18  5.00   | 2.09e-18  5.00   | 2.77e-28  -2.11 |

Convolution Filtering Error
N    | E_u       Order  | E_q       Order  | E_uhat    Order |
10   | 2.19e-09  0.00   | 6.88e-09  0.00   | 6.92e-09  0.00  |
20   | 2.20e-12  9.96   | 6.92e-12  9.96   | 9.85e-12  9.46  |
40   | 2.17e-15  9.99   | 6.81e-15  9.99   | 1.37e-14  9.49  |
80   | 2.12e-18  10.00  | 6.67e-18  10.00  | 1.90e-17  9.50  |
160  | 2.07e-21  10.00  | 6.51e-21  10.00  | 2.62e-20  9.50  |
320  | 2.02e-24  10.00  | 6.36e-24  10.00  | 3.61e-23  9.50  |
640  | 1.97e-27  10.00  | 6.21e-27  10.00  | 4.99e-26  9.50  |
1280 | 9.54e-30  7.69   | 1.90e-29  8.35   | 3.41e-28  7.19  |


diary off
